$ 1 0.000005 9.78399845368213 50 5 43 5e-11
r 32 112 32 224 0 100000000
w 32 256 32 272 0
R 32 0 32 -64 0 0 40 3.7 0 0 0.5
s 32 272 32 352 0 1 false
g 32 352 32 400 0 0
154 144 240 272 240 0 2 0 5
w 144 224 32 224 0
w 32 224 32 256 0
w 144 256 0 256 0
w 0 112 32 112 0
154 432 224 560 224 0 2 5 5
w 336 192 144 192 0
w 144 192 144 224 0
r 304 240 368 240 0 10000
c 384 240 384 320 0 0.000009999999999999999 0.006950023280520463 0.001
g 384 320 384 352 0 0
r 288 256 288 336 0 10000
w 272 240 288 240 0
w 288 240 288 256 0
w 288 240 304 240 0
w 368 240 384 240 0
w 384 240 432 240 0
w 288 336 288 400 0
w 288 400 336 400 0
w 432 208 384 208 0
w 384 208 384 192 0
w 384 192 336 192 0
t 560 224 624 224 2 -1 5 1.3000036859962765 100 default
g 624 240 624 272 0 0
s 688 160 688 256 0 1 false
g 688 256 688 272 0 0
f 656 112 656 32 41 1.5 0.02
w 576 32 32 32 1
w 32 32 32 0 1
w 32 32 32 112 1
r 576 32 576 112 0 1000000
w 576 112 656 112 1
w 640 32 576 32 0
w 656 112 656 160 0
w 656 160 688 160 1
w 656 160 624 160 1
w 624 160 624 208 0
c 720 32 720 112 0 0.000001 0.0002084331975961197 0.001
g 720 112 720 128 0 0
w 672 32 720 32 0
r 800 32 800 112 0 1000
w 720 32 800 32 0
g 800 112 800 128 0 0
x 593 21 719 24 4 14 NTNUS3171PZT5G
x 236 182 415 185 4 14 XOR\s\q\sSN74LVC1G86DBVR
x 348 402 459 405 4 14 SWITCH\sSTATUS
x 47 318 102 321 4 14 SWITCH
x 716 222 871 225 4 14 (uC)\s-\sAUTO\sTURN\sOFF
w 0 112 0 256 0
x 555 195 607 198 4 14 BC857B
o 44 64 0 4099 0.001220703125 0.00009765625 0 2 44 3
o 21 64 0 4099 0.15625 0.00009765625 1 2 21 3
